0.000000000000000000e+00
0.000000000000000000e+00
1.800000000000000044e+00
2.580000000000000071e+00
3.180000000000000160e+00
3.919999999999999929e+00
4.600000000000000533e+00
5.400000000000000355e+00
6.060000000000000497e+00
6.799999999999999822e+00
7.520000000000000462e+00
8.279999999999999361e+00
9.019999999999999574e+00
9.859999999999999432e+00
1.058000000000000007e+01
1.130000000000000071e+01
1.204000000000000092e+01
1.290000000000000036e+01
1.370000000000000107e+01
1.440000000000000036e+01
1.506000000000000050e+01
1.575999999999999979e+01
1.653999999999999915e+01
1.728000000000000114e+01
1.805999999999999872e+01
1.878000000000000114e+01
1.960000000000000142e+01
2.037999999999999901e+01
2.119999999999999929e+01
2.200000000000000000e+01
2.274000000000000199e+01
2.353999999999999915e+01
2.430000000000000071e+01
2.500000000000000000e+01
2.569999999999999929e+01
2.648000000000000043e+01
2.733999999999999986e+01
2.814000000000000057e+01
2.887999999999999901e+01
2.960000000000000142e+01
3.035999999999999943e+01
3.114000000000000057e+01
3.183999999999999986e+01
3.252000000000000313e+01
3.332000000000000028e+01
3.414000000000000057e+01
3.496000000000000085e+01
3.584000000000000341e+01
3.660000000000000142e+01
3.738000000000000256e+01
3.816000000000000369e+01
3.889999999999999858e+01
3.961999999999999744e+01
4.042000000000000171e+01
4.121999999999999886e+01
4.210000000000000142e+01
4.288000000000000256e+01
4.366000000000000369e+01
4.448000000000000398e+01
4.521999999999999886e+01
4.607999999999999829e+01
4.693999999999999773e+01
4.778000000000000114e+01
4.867999999999999972e+01
4.952000000000000313e+01
5.038000000000000256e+01
5.125999999999999801e+01
5.202000000000000313e+01
5.282000000000000028e+01
5.366000000000000369e+01
5.448000000000000398e+01
5.525999999999999801e+01
5.603999999999999915e+01
5.678000000000000114e+01
5.760000000000000142e+01
5.835999999999999943e+01
5.921999999999999886e+01
6.006000000000000227e+01
6.084000000000000341e+01
6.166000000000000369e+01
6.244000000000000483e+01
6.334000000000000341e+01
6.415999999999999659e+01
6.492000000000000171e+01
6.570000000000000284e+01
6.656000000000000227e+01
6.742000000000000171e+01
6.835999999999999943e+01
6.910000000000000853e+01
6.985999999999999943e+01
7.064000000000000057e+01
7.143999999999999773e+01
7.221999999999999886e+01
7.301999999999999602e+01
7.373999999999999488e+01
7.451999999999999602e+01
7.535999999999999943e+01
7.618000000000000682e+01
7.700000000000000000e+01
7.787999999999999545e+01
