0.000000000000000000e+00
0.000000000000000000e+00
0.000000000000000000e+00
0.000000000000000000e+00
0.000000000000000000e+00
1.959999999999999964e+00
2.220000000000000195e+00
2.580000000000000071e+00
2.899999999999999911e+00
3.120000000000000107e+00
3.379999999999999893e+00
3.660000000000000142e+00
4.020000000000000462e+00
4.459999999999999964e+00
4.799999999999999822e+00
5.200000000000000178e+00
5.560000000000000497e+00
6.020000000000000462e+00
6.379999999999999893e+00
6.759999999999999787e+00
6.959999999999999964e+00
7.320000000000000284e+00
7.719999999999999751e+00
8.240000000000000213e+00
8.599999999999999645e+00
8.960000000000000853e+00
9.320000000000000284e+00
9.720000000000000639e+00
1.012000000000000099e+01
1.059999999999999964e+01
1.100000000000000000e+01
1.133999999999999986e+01
1.175999999999999979e+01
1.212000000000000099e+01
1.240000000000000036e+01
1.278000000000000114e+01
1.309999999999999964e+01
1.341999999999999993e+01
1.390000000000000036e+01
1.425999999999999979e+01
1.474000000000000021e+01
1.509999999999999964e+01
1.558000000000000007e+01
1.600000000000000000e+01
1.639999999999999858e+01
1.676000000000000156e+01
1.716000000000000014e+01
1.748000000000000043e+01
1.796000000000000085e+01
1.842000000000000171e+01
1.878000000000000114e+01
1.916000000000000014e+01
1.960000000000000142e+01
1.998000000000000043e+01
2.040000000000000213e+01
2.082000000000000028e+01
2.119999999999999929e+01
2.166000000000000014e+01
2.201999999999999957e+01
2.237999999999999901e+01
2.287999999999999901e+01
2.340000000000000213e+01
2.371999999999999886e+01
2.424000000000000199e+01
2.462000000000000099e+01
2.496000000000000085e+01
2.544000000000000128e+01
2.590000000000000213e+01
2.635999999999999943e+01
2.683999999999999986e+01
2.728000000000000114e+01
2.766000000000000014e+01
2.826000000000000156e+01
2.858000000000000185e+01
2.890000000000000213e+01
2.935999999999999943e+01
2.978000000000000114e+01
3.030000000000000071e+01
3.071999999999999886e+01
3.119999999999999929e+01
3.162000000000000099e+01
3.198000000000000043e+01
3.252000000000000313e+01
3.293999999999999773e+01
3.339999999999999858e+01
3.375999999999999801e+01
3.420000000000000284e+01
3.467999999999999972e+01
3.510000000000000142e+01
3.564000000000000057e+01
3.602000000000000313e+01
3.646000000000000085e+01
3.702000000000000313e+01
3.748000000000000398e+01
3.778000000000000114e+01
3.821999999999999886e+01
3.853999999999999915e+01
3.896000000000000085e+01
3.932000000000000028e+01
3.988000000000000256e+01
