0.000000000000000000e+00
0.000000000000000000e+00
1.800000000000000044e+00
2.580000000000000071e+00
3.180000000000000160e+00
3.919999999999999929e+00
4.600000000000000533e+00
5.400000000000000355e+00
6.060000000000000497e+00
6.799999999999999822e+00
7.520000000000000462e+00
8.279999999999999361e+00
9.019999999999999574e+00
9.859999999999999432e+00
1.058000000000000007e+01
1.130000000000000071e+01
1.204000000000000092e+01
1.290000000000000036e+01
1.370000000000000107e+01
1.440000000000000036e+01
1.506000000000000050e+01
1.575999999999999979e+01
1.653999999999999915e+01
1.728000000000000114e+01
1.805999999999999872e+01
1.878000000000000114e+01
1.960000000000000142e+01
2.037999999999999901e+01
2.119999999999999929e+01
2.200000000000000000e+01
2.274000000000000199e+01
2.353999999999999915e+01
2.430000000000000071e+01
2.500000000000000000e+01
2.569999999999999929e+01
2.648000000000000043e+01
2.733999999999999986e+01
2.814000000000000057e+01
2.887999999999999901e+01
2.960000000000000142e+01
3.035999999999999943e+01
3.114000000000000057e+01
3.183999999999999986e+01
3.252000000000000313e+01
3.332000000000000028e+01
3.414000000000000057e+01
3.496000000000000085e+01
3.584000000000000341e+01
3.660000000000000142e+01
3.738000000000000256e+01
3.814000000000000057e+01
3.882000000000000028e+01
3.956000000000000227e+01
4.034000000000000341e+01
4.116000000000000369e+01
4.202000000000000313e+01
4.278000000000000114e+01
4.357999999999999829e+01
4.439999999999999858e+01
4.514000000000000057e+01
4.602000000000000313e+01
4.688000000000000256e+01
4.771999999999999886e+01
4.862000000000000455e+01
4.946000000000000085e+01
5.032000000000000028e+01
5.117999999999999972e+01
5.193999999999999773e+01
5.275999999999999801e+01
5.357999999999999829e+01
5.438000000000000256e+01
5.517999999999999972e+01
5.592000000000000171e+01
5.670000000000000284e+01
5.750000000000000000e+01
5.828000000000000114e+01
5.916000000000000369e+01
5.998000000000000398e+01
6.070000000000000284e+01
6.152000000000000313e+01
6.228000000000000114e+01
6.312000000000000455e+01
6.394000000000000483e+01
6.470000000000000284e+01
6.548000000000000398e+01
6.635999999999999943e+01
6.720000000000000284e+01
6.812000000000000455e+01
6.884000000000000341e+01
6.960000000000000853e+01
7.035999999999999943e+01
7.115999999999999659e+01
7.192000000000000171e+01
7.273999999999999488e+01
7.346000000000000796e+01
7.420000000000000284e+01
7.507999999999999829e+01
7.592000000000000171e+01
7.670000000000000284e+01
7.756000000000000227e+01
