0.000000000000000000e+00
0.000000000000000000e+00
0.000000000000000000e+00
0.000000000000000000e+00
0.000000000000000000e+00
0.000000000000000000e+00
0.000000000000000000e+00
0.000000000000000000e+00
0.000000000000000000e+00
0.000000000000000000e+00
0.000000000000000000e+00
0.000000000000000000e+00
0.000000000000000000e+00
0.000000000000000000e+00
0.000000000000000000e+00
0.000000000000000000e+00
0.000000000000000000e+00
0.000000000000000000e+00
0.000000000000000000e+00
0.000000000000000000e+00
0.000000000000000000e+00
0.000000000000000000e+00
0.000000000000000000e+00
0.000000000000000000e+00
0.000000000000000000e+00
1.430000000000000071e+01
1.496000000000000085e+01
1.564000000000000057e+01
1.628000000000000114e+01
1.694000000000000128e+01
1.760000000000000142e+01
1.826000000000000156e+01
1.890000000000000213e+01
1.962000000000000099e+01
2.019999999999999929e+01
2.090000000000000213e+01
2.155999999999999872e+01
2.232000000000000028e+01
2.300000000000000000e+01
2.374000000000000199e+01
2.444000000000000128e+01
2.508000000000000185e+01
2.587999999999999901e+01
2.653999999999999915e+01
2.733999999999999986e+01
2.817999999999999972e+01
2.894000000000000128e+01
2.967999999999999972e+01
3.040000000000000213e+01
3.110000000000000142e+01
3.187999999999999901e+01
3.264000000000000057e+01
3.338000000000000256e+01
3.424000000000000199e+01
3.496000000000000085e+01
3.574000000000000199e+01
3.664000000000000057e+01
3.761999999999999744e+01
3.843999999999999773e+01
3.930000000000000426e+01
4.011999999999999744e+01
4.093999999999999773e+01
4.171999999999999886e+01
4.264000000000000057e+01
4.350000000000000000e+01
4.435999999999999943e+01
4.530000000000000426e+01
4.611999999999999744e+01
4.706000000000000227e+01
4.798000000000000398e+01
4.885999999999999943e+01
4.970000000000000284e+01
5.052000000000000313e+01
5.138000000000000256e+01
5.224000000000000199e+01
5.312000000000000455e+01
5.398000000000000398e+01
5.484000000000000341e+01
5.570000000000000284e+01
5.657999999999999829e+01
5.742000000000000171e+01
5.830000000000000426e+01
5.916000000000000369e+01
5.998000000000000398e+01
6.082000000000000028e+01
6.178000000000000114e+01
6.274000000000000199e+01
6.364000000000000057e+01
6.448000000000000398e+01
6.542000000000000171e+01
6.635999999999999943e+01
6.728000000000000114e+01
6.821999999999999886e+01
6.914000000000000057e+01
7.006000000000000227e+01
7.096000000000000796e+01
7.190000000000000568e+01
7.284000000000000341e+01
7.378000000000000114e+01
7.468000000000000682e+01
