0.000000000000000000e+00
0.000000000000000000e+00
0.000000000000000000e+00
0.000000000000000000e+00
0.000000000000000000e+00
1.959999999999999964e+00
2.220000000000000195e+00
2.580000000000000071e+00
2.899999999999999911e+00
3.120000000000000107e+00
3.379999999999999893e+00
3.660000000000000142e+00
4.020000000000000462e+00
4.459999999999999964e+00
4.799999999999999822e+00
5.200000000000000178e+00
5.560000000000000497e+00
6.020000000000000462e+00
6.379999999999999893e+00
6.759999999999999787e+00
6.959999999999999964e+00
7.320000000000000284e+00
7.719999999999999751e+00
8.240000000000000213e+00
8.599999999999999645e+00
8.960000000000000853e+00
9.320000000000000284e+00
9.720000000000000639e+00
1.012000000000000099e+01
1.059999999999999964e+01
1.100000000000000000e+01
1.133999999999999986e+01
1.175999999999999979e+01
1.212000000000000099e+01
1.240000000000000036e+01
1.278000000000000114e+01
1.309999999999999964e+01
1.341999999999999993e+01
1.390000000000000036e+01
1.425999999999999979e+01
1.474000000000000021e+01
1.509999999999999964e+01
1.558000000000000007e+01
1.600000000000000000e+01
1.639999999999999858e+01
1.676000000000000156e+01
1.716000000000000014e+01
1.748000000000000043e+01
1.796000000000000085e+01
1.842000000000000171e+01
1.887999999999999901e+01
1.930000000000000071e+01
1.982000000000000028e+01
2.028000000000000114e+01
2.071999999999999886e+01
2.121999999999999886e+01
2.162000000000000099e+01
2.216000000000000014e+01
2.255999999999999872e+01
2.298000000000000043e+01
2.355999999999999872e+01
2.408000000000000185e+01
2.451999999999999957e+01
2.506000000000000227e+01
2.548000000000000043e+01
2.585999999999999943e+01
2.640000000000000213e+01
2.690000000000000213e+01
2.740000000000000213e+01
2.790000000000000213e+01
2.832000000000000028e+01
2.867999999999999972e+01
2.924000000000000199e+01
2.951999999999999957e+01
2.987999999999999901e+01
3.035999999999999943e+01
3.090000000000000213e+01
3.148000000000000043e+01
3.196000000000000085e+01
3.238000000000000256e+01
3.284000000000000341e+01
3.328000000000000114e+01
3.371999999999999886e+01
3.410000000000000142e+01
3.453999999999999915e+01
3.507999999999999829e+01
3.557999999999999829e+01
3.610000000000000142e+01
3.653999999999999915e+01
3.698000000000000398e+01
3.735999999999999943e+01
3.775999999999999801e+01
3.838000000000000256e+01
3.885999999999999943e+01
3.928000000000000114e+01
3.974000000000000199e+01
4.017999999999999972e+01
4.066000000000000369e+01
4.098000000000000398e+01
4.161999999999999744e+01
