0.000000000000000000e+00
0.000000000000000000e+00
0.000000000000000000e+00
0.000000000000000000e+00
0.000000000000000000e+00
0.000000000000000000e+00
0.000000000000000000e+00
0.000000000000000000e+00
0.000000000000000000e+00
0.000000000000000000e+00
0.000000000000000000e+00
0.000000000000000000e+00
0.000000000000000000e+00
0.000000000000000000e+00
0.000000000000000000e+00
0.000000000000000000e+00
0.000000000000000000e+00
0.000000000000000000e+00
0.000000000000000000e+00
0.000000000000000000e+00
0.000000000000000000e+00
0.000000000000000000e+00
0.000000000000000000e+00
0.000000000000000000e+00
0.000000000000000000e+00
1.430000000000000071e+01
1.496000000000000085e+01
1.564000000000000057e+01
1.628000000000000114e+01
1.694000000000000128e+01
1.760000000000000142e+01
1.826000000000000156e+01
1.890000000000000213e+01
1.962000000000000099e+01
2.019999999999999929e+01
2.090000000000000213e+01
2.155999999999999872e+01
2.232000000000000028e+01
2.300000000000000000e+01
2.374000000000000199e+01
2.444000000000000128e+01
2.508000000000000185e+01
2.587999999999999901e+01
2.653999999999999915e+01
2.733999999999999986e+01
2.817999999999999972e+01
2.894000000000000128e+01
2.967999999999999972e+01
3.040000000000000213e+01
3.110000000000000142e+01
3.187999999999999901e+01
3.260000000000000142e+01
3.334000000000000341e+01
3.407999999999999829e+01
3.470000000000000284e+01
3.550000000000000000e+01
3.635999999999999943e+01
3.720000000000000284e+01
3.789999999999999858e+01
3.864000000000000057e+01
3.950000000000000000e+01
4.043999999999999773e+01
4.120000000000000284e+01
4.193999999999999773e+01
4.271999999999999886e+01
4.356000000000000227e+01
4.438000000000000256e+01
4.524000000000000199e+01
4.616000000000000369e+01
4.689999999999999858e+01
4.775999999999999801e+01
4.860000000000000142e+01
4.942000000000000171e+01
5.028000000000000114e+01
5.103999999999999915e+01
5.192000000000000171e+01
5.282000000000000028e+01
5.371999999999999886e+01
5.460000000000000142e+01
5.548000000000000398e+01
5.630000000000000426e+01
5.717999999999999972e+01
5.798000000000000398e+01
5.878000000000000114e+01
5.964000000000000057e+01
6.050000000000000000e+01
6.132000000000000028e+01
6.216000000000000369e+01
6.300000000000000000e+01
6.384000000000000341e+01
6.465999999999999659e+01
6.551999999999999602e+01
6.637999999999999545e+01
6.720000000000000284e+01
6.798000000000000398e+01
6.884000000000000341e+01
6.968000000000000682e+01
7.051999999999999602e+01
7.135999999999999943e+01
7.226000000000000512e+01
