0.0 0.0

0.0 0.0

0.0 0.0

0.0 0.0

0.0 0.0

0.0 0.0

0.0 0.0

0.0 0.0

0.0 0.0

0.0 0.0

0.0 0.0

0.0 0.0

65.02006 1.0

62.369258 3.0

59.824487 3.0

57.381508 3.0

55.036247 3.0

52.784798 3.0

50.623406 1.0

47.598469 3.0

45.644531 3.0

0.0 0.0

0.0 0.0

67.781312 1.0

65.02006 1.0

62.369258 1.0

59.824487 1.0

57.381508 1.0

55.036247 1.0

52.784798 1.0

50.623406 3.0

43.768749 0.0

0.0 0.0

0.0 0.0

70.657617 1.0

67.781312 3.0

65.02006 3.0

62.369258 3.0

59.824487 3.0

57.381508 3.0

55.036247 3.0

52.784798 3.0

41.967999 0.0

0.0 0.0

0.0 0.0

73.653768 1.0

70.657617 3.0

62.369258 0.0

59.824487 0.0

57.381508 0.0

55.036247 0.0

52.784798 0.0

38.579708 2.0

40.239279 0.0

0.0 0.0

0.0 0.0

76.774758 1.0

73.653768 3.0

59.824487 0.0

57.381508 3.0

55.036247 3.0

52.784798 3.0

35.457059 2.0

36.98652 2.0

38.579708 0.0

0.0 0.0

0.0 0.0

80.02579 1.0

76.774758 3.0

57.381508 0.0

55.036247 0.0

111.4156 1.0

116.11 1.0

121.0 1.0

35.457059 0.0

36.98652 0.0

0.0 0.0

0.0 0.0

83.412281 1.0

80.02579 3.0

55.036247 0.0

111.4156 2.0

116.11 2.0

121.0 2.0

0.0 0.0

121.0 3.0

35.457059 0.0

0.0 0.0

0.0 0.0

86.939876 1.0

90.614454 1.0

94.44214 1.0

106.908976 2.0

111.4156 0.0

116.11 0.0

121.0 0.0

32.579226 2.0

33.988777 0.0

0.0 0.0

0.0 0.0

90.614454 2.0

94.44214 2.0

98.429312 2.0

102.582617 2.0

106.908976 0.0

102.582617 3.0

98.429312 3.0

94.44214 3.0

32.579226 0.0

0.0 0.0

0.0 0.0

0.0 0.0

0.0 0.0

0.0 0.0

0.0 0.0

0.0 0.0

0.0 0.0

0.0 0.0

0.0 0.0

0.0 0.0

0.0 0.0

