0.0 0.0

0.0 0.0

0.0 0.0

0.0 0.0

0.0 0.0

0.0 0.0

0.0 0.0

0.0 0.0

0.0 0.0

0.0 0.0

0.0 0.0

0.0 0.0

0.0 0.0

0.0 0.0

0.0 0.0

0.0 0.0

0.0 0.0

0.0 0.0

0.0 0.0

0.0 0.0

0.0 0.0

0.0 0.0

0.0 0.0

0.0 0.0

0.0 0.0

0.0 0.0

0.0 0.0

0.0 0.0

0.0 0.0

0.0 0.0

0.0 0.0

0.0 0.0

955.285295 1.0

955.768285 2.0

955.864912 2.0

955.961549 2.0

956.058195 2.0

956.154852 2.0

956.251517 2.0

956.348193 2.0

956.444878 2.0

956.541573 2.0

956.638277 1.0

956.734991 2.0

956.831715 1.0

956.734991 3.0

956.638277 2.0

956.734991 2.0

956.831715 2.0

956.928448 2.0

957.025191 2.0

957.121944 2.0

957.218707 2.0

957.315479 2.0

957.41226 1.0

957.315479 3.0

957.218707 1.0

957.121944 3.0

956.638277 2.0

956.734991 2.0

956.831715 1.0

0.0 0.0

0.0 0.0

955.381874 1.0

955.478462 1.0

955.768285 0.0

955.864912 0.0

955.961549 0.0

956.058195 0.0

956.154852 0.0

956.251517 0.0

956.348193 0.0

956.638277 2.0

956.734991 1.0

956.831715 1.0

956.928448 1.0

956.831715 1.0

956.734991 1.0

956.638277 0.0

956.734991 0.0

956.831715 0.0

956.928448 0.0

957.025191 0.0

957.121944 0.0

957.41226 2.0

957.509052 1.0

957.41226 3.0

957.315479 1.0

957.218707 3.0

956.734991 1.0

956.831715 1.0

956.928448 1.0

0.0 0.0

0.0 0.0

955.478462 2.0

955.57506 2.0

955.671668 2.0

955.768285 2.0

955.864912 0.0

955.961549 2.0

956.058195 0.0

956.154852 2.0

956.251517 0.0

956.734991 2.0

956.831715 2.0

956.928448 2.0

957.025191 1.0

956.928448 3.0

956.831715 3.0

956.734991 3.0

956.638277 0.0

956.734991 2.0

956.831715 1.0

956.734991 3.0

956.638277 1.0

957.509052 2.0

957.605853 1.0

957.509052 3.0

957.41226 1.0

957.315479 3.0

956.831715 2.0

956.928448 2.0

957.025191 1.0

0.0 0.0

0.0 0.0

955.381874 0.0

955.478462 0.0

955.57506 0.0

955.671668 0.0

955.768285 0.0

955.092166 1.0

955.961549 0.0

956.058195 2.0

956.154852 0.0

956.058195 3.0

956.928448 1.0

957.025191 1.0

957.121944 1.0

957.218707 1.0

957.315479 1.0

957.218707 1.0

957.121944 1.0

957.025191 1.0

956.928448 1.0

956.831715 1.0

956.734991 1.0

957.605853 2.0

957.702664 1.0

957.605853 3.0

957.509052 1.0

957.41226 3.0

957.315479 1.0

957.218707 1.0

957.121944 1.0

0.0 0.0

0.0 0.0

955.285295 2.0

955.381874 2.0

955.478462 0.0

955.381874 3.0

955.285295 3.0

955.188726 3.0

955.092166 3.0

955.961549 2.0

956.058195 0.0

956.928448 2.0

957.025191 2.0

957.121944 2.0

957.218707 1.0

957.315479 2.0

957.41226 1.0

957.315479 3.0

957.218707 3.0

957.121944 3.0

957.025191 3.0

956.928448 3.0

956.831715 3.0

957.702664 2.0

957.799484 1.0

957.702664 3.0

957.605853 1.0

957.509052 3.0

957.41226 1.0

957.315479 3.0

957.218707 3.0

0.0 0.0

0.0 0.0

955.188726 0.0

955.285295 0.0

955.381874 0.0

955.285295 0.0

955.188726 0.0

955.092166 0.0

954.995616 0.0

955.864912 2.0

955.961549 0.0

955.864912 3.0

956.928448 0.0

957.218707 2.0

957.315479 1.0

957.41226 2.0

957.509052 1.0

957.605853 1.0

957.702664 1.0

957.799484 1.0

957.702664 1.0

956.831715 0.0

958.090004 1.0

957.799484 2.0

957.896315 1.0

957.799484 1.0

957.702664 1.0

957.605853 1.0

957.509052 1.0

957.41226 3.0

957.121944 0.0

0.0 0.0

0.0 0.0

955.092166 0.0

955.188726 2.0

955.285295 0.0

955.188726 3.0

955.092166 0.0

954.995616 3.0

954.899076 0.0

955.768285 2.0

955.864912 0.0

955.768285 3.0

955.671668 3.0

957.315479 2.0

957.41226 1.0

957.509052 2.0

957.605853 2.0

957.702664 2.0

957.799484 2.0

957.896315 1.0

957.799484 3.0

958.090004 2.0

958.186863 1.0

958.090004 3.0

957.993155 1.0

957.896315 3.0

957.799484 3.0

957.702664 3.0

957.605853 3.0

957.509052 3.0

957.025191 0.0

0.0 0.0

0.0 0.0

954.995616 0.0

954.899076 3.0

955.188726 0.0

954.320038 1.0

954.995616 0.0

954.899076 0.0

954.802546 0.0

955.671668 2.0

955.768285 0.0

955.671668 0.0

957.315479 1.0

957.41226 1.0

957.509052 1.0

957.605853 1.0

957.702664 1.0

957.799484 1.0

957.896315 1.0

957.993155 1.0

958.090004 1.0

958.186863 1.0

958.283732 1.0

958.186863 1.0

958.090004 1.0

957.993155 3.0

957.702664 0.0

957.605853 0.0

957.509052 0.0

957.41226 3.0

956.928448 0.0

0.0 0.0

0.0 0.0

954.899076 0.0

954.802546 3.0

954.320038 2.0

954.41652 2.0

954.513012 2.0

954.609514 2.0

954.706025 0.0

955.57506 2.0

955.671668 0.0

957.315479 2.0

957.41226 2.0

957.509052 2.0

957.605853 2.0

957.702664 2.0

957.799484 2.0

957.896315 2.0

957.993155 2.0

958.090004 2.0

958.186863 2.0

958.283732 2.0

958.380611 1.0

958.283732 3.0

958.186863 3.0

958.090004 3.0

957.605853 0.0

957.509052 3.0

957.41226 0.0

957.315479 3.0

956.831715 0.0

0.0 0.0

0.0 0.0

954.802546 0.0

954.706025 3.0

954.223566 0.0

954.320038 0.0

954.41652 0.0

954.513012 0.0

954.609514 0.0

954.513012 3.0

956.928448 1.0

957.218707 2.0

957.315479 0.0

957.41226 0.0

957.509052 0.0

957.605853 0.0

957.702664 0.0

957.799484 0.0

957.896315 0.0

957.993155 0.0

958.090004 0.0

958.380611 2.0

958.477499 1.0

958.574397 1.0

958.671305 1.0

958.768223 1.0

958.86515 1.0

958.962086 1.0

959.059033 1.0

959.155989 1.0

959.252955 1.0

0.0 0.0

0.0 0.0

954.706025 0.0

954.609514 3.0

954.127103 0.0

954.030649 3.0

953.934206 1.0

954.41652 2.0

954.513012 0.0

956.928448 2.0

957.025191 2.0

957.121944 2.0

957.218707 0.0

957.315479 2.0

957.41226 0.0

957.509052 2.0

957.605853 0.0

957.702664 2.0

957.799484 0.0

957.896315 2.0

957.993155 0.0

958.477499 2.0

958.574397 1.0

958.671305 2.0

958.768223 1.0

958.86515 2.0

958.962086 2.0

959.059033 2.0

959.155989 2.0

959.252955 2.0

959.349931 1.0

0.0 0.0

0.0 0.0

954.609514 0.0

954.513012 3.0

954.030649 0.0

953.934206 2.0

954.030649 1.0

954.320038 2.0

954.41652 0.0

954.320038 3.0

956.928448 0.0

957.025191 0.0

957.121944 0.0

957.218707 2.0

957.315479 0.0

957.41226 2.0

957.509052 0.0

957.41226 3.0

958.283732 1.0

958.380611 1.0

958.477499 1.0

958.574397 1.0

958.671305 1.0

958.768223 1.0

958.86515 1.0

958.962086 1.0

959.059033 1.0

959.155989 1.0

959.252955 1.0

959.349931 2.0

959.446916 1.0

0.0 0.0

0.0 0.0

954.513012 0.0

954.41652 3.0

953.934206 0.0

954.030649 2.0

954.127103 2.0

954.223566 2.0

954.320038 0.0

954.223566 3.0

954.127103 3.0

956.928448 2.0

957.025191 0.0

957.121944 2.0

957.218707 0.0

957.315479 2.0

957.41226 0.0

958.283732 2.0

958.380611 2.0

958.477499 2.0

958.574397 2.0

958.671305 2.0

958.768223 2.0

958.86515 2.0

958.962086 2.0

959.059033 2.0

959.155989 2.0

959.252955 2.0

959.349931 1.0

959.446916 2.0

959.543911 1.0

0.0 0.0

0.0 0.0

954.41652 0.0

954.320038 3.0

953.837772 0.0

953.934206 2.0

954.030649 0.0

954.127103 0.0

954.223566 0.0

954.127103 0.0

954.030649 0.0

953.934206 3.0

956.928448 0.0

957.025191 2.0

957.121944 0.0

957.218707 0.0

957.315479 0.0

957.218707 3.0

958.283732 0.0

958.380611 0.0

958.477499 0.0

958.574397 0.0

958.671305 0.0

958.768223 0.0

958.86515 0.0

958.962086 0.0

959.059033 0.0

959.349931 2.0

959.446916 1.0

959.543911 1.0

959.640915 1.0

0.0 0.0

0.0 0.0

954.320038 0.0

954.223566 3.0

953.741347 0.0

953.837772 2.0

953.934206 0.0

954.030649 2.0

954.127103 0.0

954.030649 3.0

953.934206 0.0

953.837772 3.0

953.741347 3.0

956.928448 2.0

957.025191 0.0

957.121944 2.0

957.218707 0.0

958.090004 2.0

958.186863 2.0

958.283732 2.0

958.380611 0.0

958.477499 2.0

958.574397 0.0

958.671305 2.0

958.768223 0.0

958.671305 3.0

958.574397 3.0

959.446916 2.0

959.543911 2.0

959.640915 2.0

959.73793 1.0

0.0 0.0

0.0 0.0

954.223566 0.0

954.127103 3.0

953.644933 0.0

953.934206 2.0

954.030649 1.0

954.127103 2.0

954.223566 1.0

954.127103 3.0

953.837772 0.0

953.741347 0.0

953.644933 0.0

956.831715 2.0

956.928448 0.0

957.025191 2.0

957.121944 0.0

957.025191 3.0

958.090004 0.0

958.186863 0.0

958.283732 0.0

958.380611 0.0

958.477499 0.0

0.0 0.0

958.86515 1.0

958.962086 1.0

959.059033 1.0

959.349931 2.0

959.446916 0.0

959.73793 2.0

959.834954 1.0

0.0 0.0

0.0 0.0

954.127103 0.0

954.030649 3.0

953.548528 0.0

954.030649 2.0

954.127103 1.0

954.223566 2.0

954.320038 1.0

954.223566 3.0

953.741347 0.0

953.644933 3.0

953.548528 0.0

956.734991 2.0

956.831715 0.0

956.928448 2.0

957.025191 0.0

957.896315 2.0

957.993155 2.0

958.090004 2.0

958.186863 0.0

958.090004 3.0

957.993155 3.0

958.86515 2.0

958.962086 2.0

959.059033 2.0

959.155989 2.0

959.252955 2.0

959.349931 0.0

959.834954 2.0

959.931988 1.0

0.0 0.0

0.0 0.0

954.030649 0.0

953.934206 1.0

954.030649 1.0

954.127103 1.0

954.223566 1.0

954.320038 2.0

954.41652 1.0

954.513012 1.0

954.609514 1.0

953.355746 2.0

953.452132 0.0

953.355746 3.0

956.734991 0.0

956.831715 2.0

956.928448 0.0

956.831715 3.0

957.896315 0.0

957.993155 0.0

958.090004 0.0

957.993155 0.0

957.896315 0.0

957.799484 3.0

958.86515 0.0

958.962086 0.0

959.640915 1.0

959.73793 1.0

959.834954 1.0

959.931988 1.0

960.029031 1.0

0.0 0.0

0.0 0.0

953.934206 0.0

954.030649 2.0

954.127103 2.0

954.223566 2.0

954.320038 1.0

954.41652 2.0

954.513012 2.0

954.609514 2.0

954.706025 1.0

954.609514 3.0

953.355746 0.0

954.223566 2.0

954.320038 1.0

956.734991 2.0

956.831715 0.0

956.734991 3.0

956.638277 3.0

956.541573 3.0

956.444878 3.0

957.702664 2.0

957.799484 0.0

957.702664 3.0

957.605853 3.0

959.640915 2.0

959.73793 2.0

959.834954 2.0

959.931988 2.0

960.029031 2.0

960.126084 1.0

0.0 0.0

0.0 0.0

953.837772 0.0

953.934206 0.0

954.223566 1.0

954.320038 1.0

954.41652 1.0

954.320038 3.0

954.609514 1.0

954.706025 1.0

954.802546 1.0

954.706025 1.0

954.609514 1.0

954.513012 1.0

954.41652 1.0

956.638277 2.0

956.734991 0.0

956.638277 0.0

956.734991 1.0

956.444878 0.0

957.315479 1.0

957.605853 2.0

957.702664 0.0

957.605853 0.0

957.509052 0.0

957.41226 3.0

960.611496 1.0

960.514394 1.0

960.417302 1.0

960.32022 1.0

960.223147 1.0

0.0 0.0

0.0 0.0

953.741347 0.0

954.223566 2.0

954.320038 2.0

954.41652 2.0

954.513012 1.0

954.609514 2.0

954.706025 2.0

954.802546 2.0

954.899076 1.0

954.802546 3.0

954.706025 3.0

954.609514 3.0

954.513012 3.0

956.541573 2.0

956.638277 0.0

956.734991 2.0

956.831715 1.0

957.315479 2.0

957.41226 2.0

957.509052 2.0

957.605853 0.0

957.509052 3.0

957.41226 0.0

960.611496 2.0

960.708607 1.0

960.611496 3.0

960.514394 1.0

960.417302 3.0

960.32022 3.0

0.0 0.0

0.0 0.0

953.644933 0.0

953.548528 3.0

954.41652 1.0

954.513012 2.0

954.609514 1.0

954.706025 1.0

954.802546 1.0

954.899076 1.0

954.995616 1.0

954.899076 1.0

954.802546 1.0

954.706025 1.0

954.609514 1.0

956.638277 2.0

956.734991 1.0

956.831715 1.0

956.928448 1.0

957.218707 2.0

957.315479 0.0

957.41226 0.0

957.509052 0.0

957.41226 3.0

961.0 1.0

960.902859 1.0

960.805729 1.0

960.708607 1.0

960.611496 1.0

960.514394 3.0

960.223147 0.0

0.0 0.0

0.0 0.0

953.548528 0.0

954.41652 2.0

954.513012 1.0

954.609514 2.0

954.706025 2.0

954.802546 2.0

954.899076 2.0

954.995616 2.0

955.092166 1.0

954.995616 3.0

954.899076 3.0

954.802546 3.0

954.706025 3.0

956.734991 2.0

956.831715 2.0

956.928448 2.0

957.025191 2.0

957.121944 2.0

957.218707 0.0

957.315479 2.0

957.41226 0.0

961.0 2.0

0.0 0.0

961.0 3.0

960.902859 3.0

960.805729 3.0

960.708607 3.0

960.611496 3.0

960.126084 1.0

0.0 0.0

0.0 0.0

953.452132 0.0

954.513012 2.0

954.609514 1.0

954.706025 1.0

954.802546 1.0

954.899076 1.0

954.995616 1.0

955.092166 1.0

955.188726 1.0

955.092166 3.0

954.802546 0.0

954.706025 0.0

956.348193 1.0

956.638277 2.0

956.734991 0.0

956.831715 0.0

956.928448 0.0

957.025191 0.0

957.121944 0.0

957.218707 2.0

957.315479 0.0

957.218707 3.0

961.0 0.0

960.902859 0.0

960.805729 0.0

960.708607 0.0

960.611496 0.0

960.514394 3.0

960.223147 1.0

0.0 0.0

0.0 0.0

953.355746 0.0

954.609514 2.0

954.706025 2.0

954.802546 2.0

954.899076 2.0

954.995616 2.0

955.092166 2.0

955.188726 2.0

955.285295 1.0

955.188726 3.0

954.706025 0.0

956.348193 2.0

956.444878 2.0

956.541573 2.0

956.638277 0.0

956.734991 2.0

956.831715 0.0

956.928448 2.0

957.025191 2.0

957.121944 2.0

957.218707 0.0

957.121944 3.0

957.025191 3.0

960.611496 2.0

960.708607 0.0

960.611496 3.0

960.514394 0.0

960.417302 3.0

960.32022 3.0

0.0 0.0

0.0 0.0

954.223566 1.0

954.513012 2.0

954.609514 0.0

954.706025 0.0

954.802546 0.0

954.899076 0.0

954.995616 0.0

955.285295 2.0

955.381874 1.0

955.285295 3.0

954.609514 0.0

954.513012 3.0

956.348193 0.0

956.444878 0.0

956.541573 0.0

0.0 0.0

956.734991 0.0

956.638277 1.0

956.928448 0.0

957.025191 0.0

957.121944 0.0

957.025191 0.0

956.928448 0.0

955.252658 1.0

960.611496 0.0

955.059536 1.0

960.417302 0.0

960.32022 0.0

960.223147 0.0

0.0 0.0

0.0 0.0

954.320038 2.0

954.41652 2.0

954.513012 0.0

954.609514 2.0

954.706025 0.0

954.609514 3.0

954.127103 1.0

955.381874 2.0

955.478462 1.0

955.381874 3.0

954.513012 0.0

954.41652 3.0

954.320038 3.0

955.961549 2.0

956.058195 1.0

956.541573 2.0

956.638277 2.0

956.734991 2.0

956.831715 2.0

956.928448 2.0

957.025191 0.0

956.928448 3.0

956.444878 1.0

955.349233 3.0

955.252658 3.0

955.156092 3.0

955.059536 3.0

960.029031 2.0

960.126084 0.0

0.0 0.0

0.0 0.0

954.223566 0.0

954.320038 0.0

954.41652 0.0

954.513012 2.0

954.609514 0.0

954.513012 3.0

954.223566 1.0

955.478462 2.0

955.57506 1.0

955.671668 1.0

955.768285 1.0

955.864912 1.0

955.961549 1.0

956.058195 1.0

956.154852 1.0

956.444878 2.0

956.541573 0.0

956.638277 0.0

956.734991 0.0

956.831715 0.0

956.928448 0.0

956.831715 3.0

956.541573 1.0

956.444878 1.0

956.348193 1.0

955.059536 0.0

959.640915 1.0

959.931988 2.0

960.029031 0.0

0.0 0.0

0.0 0.0

954.127103 0.0

954.223566 2.0

954.320038 0.0

954.41652 2.0

954.513012 0.0

954.41652 3.0

954.320038 3.0

955.57506 2.0

955.671668 2.0

955.768285 2.0

955.864912 2.0

955.961549 2.0

956.058195 2.0

956.154852 2.0

956.251517 2.0

956.348193 2.0

956.444878 0.0

956.541573 2.0

956.638277 0.0

956.734991 2.0

956.831715 0.0

956.734991 3.0

956.638277 3.0

956.541573 3.0

956.444878 3.0

959.640915 2.0

959.73793 2.0

959.834954 2.0

959.931988 0.0

0.0 0.0

0.0 0.0

0.0 0.0

0.0 0.0

0.0 0.0

0.0 0.0

0.0 0.0

0.0 0.0

0.0 0.0

0.0 0.0

0.0 0.0

0.0 0.0

0.0 0.0

0.0 0.0

0.0 0.0

0.0 0.0

0.0 0.0

0.0 0.0

0.0 0.0

0.0 0.0

0.0 0.0

0.0 0.0

0.0 0.0

0.0 0.0

0.0 0.0

0.0 0.0

0.0 0.0

0.0 0.0

0.0 0.0

0.0 0.0

0.0 0.0

0.0 0.0

